At time 1698488553.68933973
- Translation: [0.000, 0.000, 0.000]
- Rotation: in Quaternion [0.000, 0.000, 0.392, 0.920]
- Rotation: in RPY (radian) [0.000, -0.000, 0.805]
- Rotation: in RPY (degree) [0.000, -0.000, 46.104]
- Matrix:
  0.693 -0.721  0.000  0.000
  0.721  0.693  0.000  0.000
  0.000  0.000  1.000  0.000
  0.000  0.000  0.000  1.000
At time 1698488554.61272445
- Translation: [0.000, 0.000, 0.000]
- Rotation: in Quaternion [0.000, 0.000, 0.392, 0.920]
- Rotation: in RPY (radian) [0.000, -0.000, 0.805]
- Rotation: in RPY (degree) [0.000, -0.000, 46.104]
- Matrix:
  0.693 -0.721  0.000  0.000
  0.721  0.693  0.000  0.000
  0.000  0.000  1.000  0.000
  0.000  0.000  0.000  1.000
At time 1698488555.69253524
- Translation: [-1.262, 0.068, 0.000]
- Rotation: in Quaternion [0.000, 0.000, 0.295, 0.956]
- Rotation: in RPY (radian) [0.000, -0.000, 0.599]
- Rotation: in RPY (degree) [0.000, -0.000, 34.304]
- Matrix:
  0.826 -0.564  0.000 -1.262
  0.564  0.826  0.000  0.068
  0.000  0.000  1.000  0.000
  0.000  0.000  0.000  1.000
At time 1698488556.61380517
- Translation: [0.282, 0.154, 0.000]
- Rotation: in Quaternion [0.000, 0.000, -0.065, 0.998]
- Rotation: in RPY (radian) [0.000, 0.000, -0.129]
- Rotation: in RPY (degree) [0.000, 0.000, -7.418]
- Matrix:
  0.992  0.129  0.000  0.282
 -0.129  0.992 -0.000  0.154
 -0.000  0.000  1.000  0.000
  0.000  0.000  0.000  1.000
At time 1698488557.68677706
- Translation: [-0.245, -0.073, 0.000]
- Rotation: in Quaternion [0.000, 0.000, 0.276, 0.961]
- Rotation: in RPY (radian) [0.000, -0.000, 0.560]
- Rotation: in RPY (degree) [0.000, -0.000, 32.101]
- Matrix:
  0.847 -0.531  0.000 -0.245
  0.531  0.847  0.000 -0.073
  0.000  0.000  1.000  0.000
  0.000  0.000  0.000  1.000
At time 1698488558.60708529
- Translation: [-1.150, -0.553, 0.000]
- Rotation: in Quaternion [0.000, 0.000, 0.508, 0.862]
- Rotation: in RPY (radian) [0.000, -0.000, 1.065]
- Rotation: in RPY (degree) [0.000, -0.000, 61.005]
- Matrix:
  0.485 -0.875  0.000 -1.150
  0.875  0.485  0.000 -0.553
  0.000  0.000  1.000  0.000
  0.000  0.000  0.000  1.000
At time 1698488559.68498107
- Translation: [-1.791, -0.881, 0.000]
- Rotation: in Quaternion [0.000, 0.000, 0.563, 0.826]
- Rotation: in RPY (radian) [0.000, -0.000, 1.197]
- Rotation: in RPY (degree) [0.000, -0.000, 68.588]
- Matrix:
  0.365 -0.931  0.000 -1.791
  0.931  0.365  0.000 -0.881
  0.000  0.000  1.000  0.000
  0.000  0.000  0.000  1.000
At time 1698488560.61386524
- Translation: [-1.978, -0.980, 0.000]
- Rotation: in Quaternion [0.000, 0.000, 0.573, 0.820]
- Rotation: in RPY (radian) [0.000, -0.000, 1.220]
- Rotation: in RPY (degree) [0.000, -0.000, 69.888]
- Matrix:
  0.344 -0.939  0.000 -1.978
  0.939  0.344  0.000 -0.980
  0.000  0.000  1.000  0.000
  0.000  0.000  0.000  1.000
At time 1698488561.69093482
- Translation: [-1.331, -1.418, 0.000]
- Rotation: in Quaternion [0.000, 0.000, 0.706, 0.708]
- Rotation: in RPY (radian) [0.000, -0.000, 1.569]
- Rotation: in RPY (degree) [0.000, -0.000, 89.892]
- Matrix:
  0.002 -1.000  0.000 -1.331
  1.000  0.002  0.000 -1.418
  0.000  0.000  1.000  0.000
  0.000  0.000  0.000  1.000
At time 1698488562.60983090
- Translation: [-2.975, -0.467, 0.000]
- Rotation: in Quaternion [0.000, 0.000, 0.439, 0.899]
- Rotation: in RPY (radian) [0.000, -0.000, 0.908]
- Rotation: in RPY (degree) [0.000, -0.000, 52.026]
- Matrix:
  0.615 -0.788  0.000 -2.975
  0.788  0.615  0.000 -0.467
  0.000  0.000  1.000  0.000
  0.000  0.000  0.000  1.000
At time 1698488563.68719035
- Translation: [-3.688, 0.203, 0.000]
- Rotation: in Quaternion [0.000, 0.000, 0.099, 0.995]
- Rotation: in RPY (radian) [0.000, -0.000, 0.197]
- Rotation: in RPY (degree) [0.000, -0.000, 11.311]
- Matrix:
  0.981 -0.196  0.000 -3.688
  0.196  0.981  0.000  0.203
  0.000  0.000  1.000  0.000
  0.000  0.000  0.000  1.000
At time 1698488564.60357423
- Translation: [-3.628, 0.300, 0.000]
- Rotation: in Quaternion [0.000, 0.000, -0.019, 1.000]
- Rotation: in RPY (radian) [0.000, 0.000, -0.039]
- Rotation: in RPY (degree) [0.000, 0.000, -2.225]
- Matrix:
  0.999  0.039  0.000 -3.628
 -0.039  0.999 -0.000  0.300
 -0.000  0.000  1.000  0.000
  0.000  0.000  0.000  1.000
At time 1698488565.68946353
- Translation: [-1.905, 0.188, 0.000]
- Rotation: in Quaternion [0.000, 0.000, -0.043, 0.999]
- Rotation: in RPY (radian) [0.000, 0.000, -0.086]
- Rotation: in RPY (degree) [0.000, 0.000, -4.934]
- Matrix:
  0.996  0.086  0.000 -1.905
 -0.086  0.996 -0.000  0.188
 -0.000  0.000  1.000  0.000
  0.000  0.000  0.000  1.000
